37984
57396
26900
58864
37217
26820
29208
44759
4966
39030
42187
975
48778
55842
39087
48765
28538
54773
52577
8539
29312
24692
37269
30392
39547
18815
18968
36799
14305
35657
39115
41843
28612
22880
25515
36269
29387
36780
48077
60957
37941
33129
42075
10064
49372
43053
14745
15781
22061
45797
47076
38488
22833
29913
25261
38519
36232
46245
19331
8689
27753
23359
30984
31364
31653
33526
28152
32458
33955
58989
36903
18742
11106
44964
28545
44818
25979
42736
27913
40830
53532
49664
49626
25206
27663
37592
26154
14281
10931
38614
55364
22051
28416
26032
17290
18950
24452
16501
34683
13513
