100
29598 8386
25655 31741
3613 23287
26762 32102
20174 17043
5049 21771
17701 11507
18681 26078
1820 3146
12342 26688
28457 13730
938 37
30317 18461
23471 32371
32558 6529
27857 20908
9095 19443
27688 27085
23646 28931
3557 4982
5271 24041
21034 3658
31879 5390
5151 25241
12716 26831
3906 14909
3739 15229
20222 16577
14137 168
15488 20169
13614 25501
16070 25773
14487 14125
8440 14440
20731 4784
13052 23217
12929 16458
22597 14183
23392 24685
30955 30002
11670 26271
2305 30824
20701 21374
6691 3373
28891 20481
11086 31967
11161 3584
10996 4785
17462 4599
24400 21397
28125 18951
10488 28000
17140 5693
21425 8488
15510 9751
27014 11505
15940 20292
15388 30857
2519 16812
6208 2481
12217 15536
22466 893
20309 10675
17798 13566
15308 16345
2008 31518
22762 5390
1280 31178
17496 16459
30230 28759
7955 28948
7192 11550
2844 8262
19258 25706
12658 15887
16509 28309
25661 318
30083 12653
12620 15293
26274 14556
30913 22619
32567 17097
23563 26063
8253 16953
6421 21242
29982 7610
9661 16493
2760 11521
8072 2859
23812 14802
25492 29872
19971 2080
25294 3122
15418 10614
1636 15654
10865 8085
14462 9990
11798 4703
25897 8786
6102 7411
